이름	석재	구리	철	은	금	백금	사파이어	루비	에메랄드	미스릴	다이아몬드
1	50	40	10	0	0	0	0	0	0	0	0
2	49.00	40.67	10.33	0.00	0.00	0.00	0.00	0.00	0.00	0.00	0.00
3	48.00	41.34	10.66	0.00	0.00	0.00	0.00	0.00	0.00	0.00	0.00
4	47.00	42.01	10.99	0.00	0.00	0.00	0.00	0.00	0.00	0.00	0.00
5	36.00	42.68	11.32	10.00	0.00	0.00	0.00	0.00	0.00	0.00	0.00
6	35.00	43.19	11.65	10.16	0.00	0.00	0.00	0.00	0.00	0.00	0.00
7	34.00	43.70	11.98	10.32	0.00	0.00	0.00	0.00	0.00	0.00	0.00
8	33.00	44.21	12.31	10.48	0.00	0.00	0.00	0.00	0.00	0.00	0.00
9	32.00	44.72	12.64	10.64	0.00	0.00	0.00	0.00	0.00	0.00	0.00
10	21.00	45.23	12.97	10.80	10.00	0.00	0.00	0.00	0.00	0.00	0.00
11	20.00	45.63	13.27	11.00	10.10	0.00	0.00	0.00	0.00	0.00	0.00
12	19.00	46.03	13.57	11.20	10.20	0.00	0.00	0.00	0.00	0.00	0.00
13	18.00	46.43	13.87	11.40	10.30	0.00	0.00	0.00	0.00	0.00	0.00
14	17.00	46.83	14.17	11.60	10.40	0.00	0.00	0.00	0.00	0.00	0.00
15	6.00	47.23	14.47	11.80	10.50	10.00	0.00	0.00	0.00	0.00	0.00
16	5.00	47.57	14.74	12.00	10.63	10.06	0.00	0.00	0.00	0.00	0.00
17	4.00	47.91	15.01	12.20	10.76	10.12	0.00	0.00	0.00	0.00	0.00
18	3.00	48.25	15.28	12.40	10.89	10.18	0.00	0.00	0.00	0.00	0.00
19	2.00	48.59	15.55	12.60	11.02	10.24	0.00	0.00	0.00	0.00	0.00
20	0.00	39.59	15.95	12.90	11.22	10.34	10.00	0.00	0.00	0.00	0.00
21	0.00	38.59	16.29	13.17	11.42	10.47	10.06	0.00	0.00	0.00	0.00
22	0.00	37.59	16.63	13.44	11.62	10.60	10.12	0.00	0.00	0.00	0.00
23	0.00	36.59	16.97	13.71	11.82	10.73	10.18	0.00	0.00	0.00	0.00
24	0.00	35.59	17.31	13.98	12.02	10.86	10.24	0.00	0.00	0.00	0.00
25	0.00	24.59	17.65	14.25	12.22	10.99	10.30	10.00	0.00	0.00	0.00
26	0.00	23.59	17.94	14.49	12.42	11.13	10.39	10.04	0.00	0.00	0.00
27	0.00	22.59	18.23	14.73	12.62	11.27	10.48	10.08	0.00	0.00	0.00
28	0.00	21.59	18.52	14.97	12.82	11.41	10.57	10.12	0.00	0.00	0.00
29	0.00	20.59	18.81	15.21	13.02	11.55	10.66	10.16	0.00	0.00	0.00
30	0.00	9.59	19.10	15.45	13.22	11.69	10.75	10.20	10.00	0.00	0.00
31	0.00	8.59	19.36	15.67	13.40	11.83	10.85	10.27	10.03	0.00	0.00
32	0.00	7.59	19.62	15.89	13.58	11.97	10.95	10.34	10.06	0.00	0.00
33	0.00	6.59	19.88	16.11	13.76	12.11	11.05	10.41	10.09	0.00	0.00
34	0.00	5.59	20.14	16.33	13.94	12.25	11.15	10.48	10.12	0.00	0.00
35	0.00	0.00	14.73	16.62	14.18	12.45	11.29	10.57	10.16	10.00	0.00
36	0.00	0.00	13.73	16.88	14.40	12.63	11.43	10.67	10.23	10.03	0.00
37	0.00	0.00	12.73	17.14	14.62	12.81	11.57	10.77	10.30	10.06	0.00
38	0.00	0.00	11.73	17.40	14.84	12.99	11.71	10.87	10.37	10.09	0.00
39	0.00	0.00	10.73	17.66	15.06	13.17	11.85	10.97	10.44	10.12	0.00
40	0.00	0.00	0.00	17.58	15.30	13.38	12.01	11.07	10.51	10.15	10.00
41	0.00	0.00	0.00	16.58	15.56	13.60	12.19	11.21	10.61	10.22	10.03
42	0.00	0.00	0.00	15.58	15.82	13.82	12.37	11.35	10.71	10.29	10.06
43	0.00	0.00	0.00	14.58	16.08	14.04	12.55	11.49	10.81	10.36	10.09
44	0.00	0.00	0.00	13.58	16.34	14.26	12.73	11.63	10.91	10.43	10.12
45	0.00	0.00	0.00	2.58	16.63	14.50	12.93	11.77	11.00	10.47	20.12
46	0.00	0.00	0.00	1.58	16.89	14.72	13.11	11.91	11.10	10.54	20.15
47	0.00	0.00	0.00	0.58	17.15	14.94	13.29	12.05	11.20	10.61	20.18
48	0.00	0.00	0.00	0.00	16.88	15.19	13.49	12.21	11.32	10.69	20.22
49	0.00	0.00	0.00	0.00	15.88	15.48	13.73	12.41	11.46	10.78	20.26
50	0.00	0.00	0.00	0.00	4.88	15.82	14.00	12.61	11.59	10.84	30.26
51	0.00	0.00	0.00	0.00	3.88	16.11	14.24	12.81	11.73	10.93	30.30
52	0.00	0.00	0.00	0.00	2.88	16.40	14.48	13.01	11.87	11.02	30.34
53	0.00	0.00	0.00	0.00	1.88	16.69	14.72	13.21	12.01	11.11	30.38
54	0.00	0.00	0.00	0.00	0.88	16.98	14.96	13.41	12.15	11.20	30.42
55	0.00	0.00	0.00	0.00	0.00	6.86	15.36	13.71	12.35	11.30	40.42
56	0.00	0.00	0.00	0.00	0.00	5.86	15.70	13.98	12.55	11.43	40.48
57	0.00	0.00	0.00	0.00	0.00	4.86	16.04	14.25	12.75	11.56	40.54
58	0.00	0.00	0.00	0.00	0.00	3.86	16.38	14.52	12.95	11.69	40.60
59	0.00	0.00	0.00	0.00	0.00	2.86	16.72	14.79	13.15	11.82	40.66
60	0.00	0.00	0.00	0.00	0.00	0.00	8.58	15.30	13.48	11.98	50.66
61	0.00	0.00	0.00	0.00	0.00	0.00	7.58	15.70	13.78	12.18	50.76
62	0.00	0.00	0.00	0.00	0.00	0.00	6.58	16.10	14.08	12.38	50.86
63	0.00	0.00	0.00	0.00	0.00	0.00	5.58	16.50	14.38	12.58	50.96
64	0.00	0.00	0.00	0.00	0.00	0.00	4.58	16.90	14.68	12.78	51.06
65	0.00	0.00	0.00	0.00	0.00	0.00	0.00	10.48	15.35	13.11	61.06
66	0.00	0.00	0.00	0.00	0.00	0.00	0.00	9.48	15.86	13.44	61.22
67	0.00	0.00	0.00	0.00	0.00	0.00	0.00	8.48	16.37	13.77	61.38
68	0.00	0.00	0.00	0.00	0.00	0.00	0.00	7.48	16.88	14.10	61.54
69	0.00	0.00	0.00	0.00	0.00	0.00	0.00	6.48	17.39	14.43	61.70
70	0.00	0.00	0.00	0.00	0.00	0.00	0.00	0.00	12.87	15.43	71.70
71	0.00	0.00	0.00	0.00	0.00	0.00	0.00	0.00	11.87	16.10	72.03
72	0.00	0.00	0.00	0.00	0.00	0.00	0.00	0.00	10.87	16.77	72.36
73	0.00	0.00	0.00	0.00	0.00	0.00	0.00	0.00	9.87	17.44	72.69
74	0.00	0.00	0.00	0.00	0.00	0.00	0.00	0.00	8.87	18.11	73.02
75	0.00	0.00	0.00	0.00	0.00	0.00	0.00	0.00	0.00	15.98	84.02
76	0.00	0.00	0.00	0.00	0.00	0.00	0.00	0.00	0.00	14.98	85.02
77	0.00	0.00	0.00	0.00	0.00	0.00	0.00	0.00	0.00	13.98	86.02
78	0.00	0.00	0.00	0.00	0.00	0.00	0.00	0.00	0.00	12.98	87.02
79	0.00	0.00	0.00	0.00	0.00	0.00	0.00	0.00	0.00	11.98	88.02
80	0.00	0.00	0.00	0.00	0.00	0.00	0.00	0.00	0.00	0.98	99.02
81	0.00	0.00	0.00	0.00	0.00	0.00	0.00	0.00	0.00	0.00	100.00
